# Name	Mass		PP	Z 	L 	L	H	Rsize	alpha	beta	rcut	beta2
 H        1.0079400     100     1       0       0       0.23    4.0     0.7     18.0    2.5     0.4
 C       12.0107000     100     6       1       0       0.23    4.0     0.7     18.0    2.5     0.4
 N       14.0067000     100     7       1       0       0.23    4.0     0.7     18.0    2.5     0.4
 O       15.9994000     100     8       1       0       0.23    4.0     0.7     18.0    2.5     0.4
 Na      22.9897700     100     11      0       0       0.3     7.0     0.7     18.0    2.5     0.4
 Si      28.0855000     100     14      2       0       0.275   4.0     0.7     18.0    2.5     0.4
 S       32.0650000     100     16      2       0       0.23    4.0     0.7     18.0    2.5     0.4
 Ti      47.8670000     100     22      2       0       0.18    4.0     0.7     18.0    2.5     0.4
 Se      78.9600000     100     34      2       0       0.25    4.0     0.7     18.0    2.5     0.4
 Cd     112.4110000     100     48      2       0       0.25    4.0     0.7     18.0    2.5     0.4
